{
 "cells": [
  {
   "cell_type": "markdown",
   "metadata": {},
   "source": [
    "# Confusion Matrix Implementation - Iris Dataset"
   ]
  },
  {
   "cell_type": "markdown",
   "metadata": {},
   "source": [
    "1.Uses inbuilt logistic Regression and Iris Datasets\n",
    "2.Prints the number of wrong predictions\n",
    "3.Prints the Probabilites of Exactly how much each row belongs to a particular class\n",
    "4.Prints the Confusion Matrix"
   ]
  },
  {
   "cell_type": "code",
   "execution_count": 31,
   "metadata": {},
   "outputs": [],
   "source": [
    "import numpy as np\n",
    "import pandas as pd\n",
    "from sklearn import datasets\n",
    "from sklearn.linear_model import LogisticRegression\n",
    "from sklearn import model_selection\n",
    "from sklearn.metrics import confusion_matrix"
   ]
  },
  {
   "cell_type": "code",
   "execution_count": 8,
   "metadata": {},
   "outputs": [],
   "source": [
    "#Loading Iris Dataset\n",
    "iris = datasets.load_iris()\n",
    "x = iris.data\n",
    "y = iris.target"
   ]
  },
  {
   "cell_type": "code",
   "execution_count": 10,
   "metadata": {},
   "outputs": [
    {
     "name": "stdout",
     "output_type": "stream",
     "text": [
      "(112, 4) (112,)\n",
      "(38, 4) (38,)\n"
     ]
    }
   ],
   "source": [
    "#Splitting data into train and Test\n",
    "x_train, x_test, y_train, y_test = model_selection.train_test_split(x,y)\n",
    "print(x_train.shape,y_train.shape)\n",
    "print(x_test.shape,y_test.shape)"
   ]
  },
  {
   "cell_type": "code",
   "execution_count": 17,
   "metadata": {},
   "outputs": [],
   "source": [
    "clf = LogisticRegression(multi_class ='auto' ,solver = 'liblinear')"
   ]
  },
  {
   "cell_type": "code",
   "execution_count": 18,
   "metadata": {},
   "outputs": [
    {
     "data": {
      "text/plain": [
       "LogisticRegression(C=1.0, class_weight=None, dual=False, fit_intercept=True,\n",
       "          intercept_scaling=1, max_iter=100, multi_class='auto',\n",
       "          n_jobs=None, penalty='l2', random_state=None, solver='liblinear',\n",
       "          tol=0.0001, verbose=0, warm_start=False)"
      ]
     },
     "execution_count": 18,
     "metadata": {},
     "output_type": "execute_result"
    }
   ],
   "source": [
    "clf.fit(x_train,y_train)"
   ]
  },
  {
   "cell_type": "code",
   "execution_count": 21,
   "metadata": {},
   "outputs": [
    {
     "data": {
      "text/plain": [
       "array([1, 1, 1, 2, 2, 1, 1, 0, 0, 0, 2, 2, 0, 0, 1, 2, 0, 1, 2, 2, 0, 2,\n",
       "       2, 0, 1, 2, 1, 1, 1, 0, 2, 1, 0, 0, 0, 2, 2, 1, 2, 2, 1, 2, 0, 2,\n",
       "       0, 2, 1, 0, 1, 1, 2, 2, 2, 2, 0, 2, 2, 0, 0, 2, 1, 2, 0, 2, 2, 1,\n",
       "       0, 0, 0, 0, 1, 0, 0, 1, 2, 2, 1, 2, 0, 2, 1, 1, 2, 2, 0, 2, 2, 1,\n",
       "       1, 1, 2, 0, 0, 1, 0, 1, 2, 2, 1, 0, 0, 2, 1, 0, 2, 1, 0, 2, 0, 1,\n",
       "       0, 1])"
      ]
     },
     "execution_count": 21,
     "metadata": {},
     "output_type": "execute_result"
    }
   ],
   "source": [
    "y_pred_train = clf.predict(x_train)\n",
    "y_pred_test = clf.predict(x_test)"
   ]
  },
  {
   "cell_type": "code",
   "execution_count": 22,
   "metadata": {},
   "outputs": [
    {
     "name": "stdout",
     "output_type": "stream",
     "text": [
      "4\n",
      "1\n"
     ]
    }
   ],
   "source": [
    "#Number of Wrong Predictions\n",
    "print( (y_pred_train - y_train).sum() )\n",
    "print( (y_pred_test - y_test).sum() )\n"
   ]
  },
  {
   "cell_type": "code",
   "execution_count": 32,
   "metadata": {},
   "outputs": [
    {
     "data": {
      "text/plain": [
       "array([[8.66179342e-01, 1.33790876e-01, 2.97816524e-05],\n",
       "       [7.88272236e-01, 2.11652146e-01, 7.56186741e-05],\n",
       "       [8.41625589e-01, 1.58308477e-01, 6.59340980e-05],\n",
       "       [8.18077301e-01, 1.81780498e-01, 1.42201616e-04],\n",
       "       [8.85075132e-01, 1.14893724e-01, 3.11440724e-05],\n",
       "       [9.13085125e-01, 8.68797840e-02, 3.50905600e-05],\n",
       "       [8.82833496e-01, 1.17069348e-01, 9.71557975e-05],\n",
       "       [8.50636455e-01, 1.49313106e-01, 5.04397293e-05],\n",
       "       [7.96331300e-01, 2.03469479e-01, 1.99221561e-04],\n",
       "       [7.90037495e-01, 2.09894584e-01, 6.79207231e-05],\n",
       "       [8.78226200e-01, 1.21755865e-01, 1.79348283e-05],\n",
       "       [8.55498736e-01, 1.44411528e-01, 8.97360764e-05],\n",
       "       [7.82014013e-01, 2.17914764e-01, 7.12221179e-05],\n",
       "       [8.26481994e-01, 1.73436718e-01, 8.12872123e-05],\n",
       "       [9.10414840e-01, 8.95820220e-02, 3.13817297e-06],\n",
       "       [9.53047916e-01, 4.69450995e-02, 6.98410608e-06],\n",
       "       [9.24242814e-01, 7.57436677e-02, 1.35179465e-05],\n",
       "       [8.75701611e-01, 1.24261143e-01, 3.72462665e-05],\n",
       "       [8.80887609e-01, 1.19093050e-01, 1.93411303e-05],\n",
       "       [9.10991131e-01, 8.89763187e-02, 3.25498388e-05],\n",
       "       [8.19772644e-01, 1.80185901e-01, 4.14547232e-05],\n",
       "       [9.06840189e-01, 9.31137573e-02, 4.60536130e-05],\n",
       "       [9.13219391e-01, 8.67572005e-02, 2.34082599e-05],\n",
       "       [8.49100416e-01, 1.50745265e-01, 1.54318684e-04],\n",
       "       [8.38964125e-01, 1.60849761e-01, 1.86114779e-04],\n",
       "       [7.69385639e-01, 2.30511167e-01, 1.03194077e-04],\n",
       "       [8.65763890e-01, 1.34135358e-01, 1.00751815e-04],\n",
       "       [8.57166792e-01, 1.42801257e-01, 3.19512163e-05],\n",
       "       [8.45364891e-01, 1.54606702e-01, 2.84065157e-05],\n",
       "       [8.25545271e-01, 1.74319215e-01, 1.35514374e-04],\n",
       "       [8.00981206e-01, 1.98889850e-01, 1.28944639e-04],\n",
       "       [8.51677598e-01, 1.48281961e-01, 4.04413554e-05],\n",
       "       [9.25583570e-01, 7.44042580e-02, 1.21722282e-05],\n",
       "       [9.34582591e-01, 6.54109931e-02, 6.41635760e-06],\n",
       "       [8.01786006e-01, 1.98128535e-01, 8.54581646e-05],\n",
       "       [8.30930887e-01, 1.69037733e-01, 3.13808881e-05],\n",
       "       [8.51215704e-01, 1.48772266e-01, 1.20304919e-05],\n",
       "       [8.80358321e-01, 1.19612227e-01, 2.94515995e-05],\n",
       "       [8.21700172e-01, 1.78160884e-01, 1.38944399e-04],\n",
       "       [8.45682844e-01, 1.54274522e-01, 4.26336478e-05],\n",
       "       [8.83875691e-01, 1.16089623e-01, 3.46866479e-05],\n",
       "       [6.80279289e-01, 3.19383799e-01, 3.36911823e-04],\n",
       "       [8.56397471e-01, 1.43493343e-01, 1.09186695e-04],\n",
       "       [8.97575923e-01, 1.02284799e-01, 1.39278082e-04],\n",
       "       [9.04995636e-01, 9.48978933e-02, 1.06470420e-04],\n",
       "       [8.05552368e-01, 1.94334856e-01, 1.12776150e-04],\n",
       "       [9.00159942e-01, 9.98069270e-02, 3.31314673e-05],\n",
       "       [8.41686886e-01, 1.58214010e-01, 9.91041440e-05],\n",
       "       [8.82531322e-01, 1.17447489e-01, 2.11888862e-05],\n",
       "       [8.38579622e-01, 1.61375571e-01, 4.48070889e-05],\n",
       "       [3.55188857e-02, 8.22656188e-01, 1.41824926e-01],\n",
       "       [4.27103918e-02, 6.66272608e-01, 2.91017000e-01],\n",
       "       [1.46532467e-02, 7.06668385e-01, 2.78678369e-01],\n",
       "       [1.66081768e-02, 6.22579240e-01, 3.60812583e-01],\n",
       "       [1.36838120e-02, 6.68066152e-01, 3.18250036e-01],\n",
       "       [1.36504946e-02, 5.34657060e-01, 4.51692445e-01],\n",
       "       [2.52686796e-02, 5.07673542e-01, 4.67057778e-01],\n",
       "       [1.20443179e-01, 7.24011609e-01, 1.55545212e-01],\n",
       "       [2.19406355e-02, 7.83092072e-01, 1.94967293e-01],\n",
       "       [3.85561730e-02, 5.03467653e-01, 4.57976174e-01],\n",
       "       [3.52475158e-02, 7.31751903e-01, 2.33000582e-01],\n",
       "       [4.63250736e-02, 5.90927527e-01, 3.62747399e-01],\n",
       "       [2.41737249e-02, 8.44328498e-01, 1.31497777e-01],\n",
       "       [1.11448683e-02, 5.53036713e-01, 4.35818418e-01],\n",
       "       [1.73249271e-01, 6.84634445e-01, 1.42116284e-01],\n",
       "       [5.42633371e-02, 8.09716850e-01, 1.36019813e-01],\n",
       "       [1.52738240e-02, 3.99404045e-01, 5.85322131e-01],\n",
       "       [4.67375688e-02, 7.98649339e-01, 1.54613092e-01],\n",
       "       [4.21138436e-03, 5.85022030e-01, 4.10766585e-01],\n",
       "       [4.29574240e-02, 7.62466979e-01, 1.94575597e-01],\n",
       "       [8.11899205e-03, 2.78141868e-01, 7.13739140e-01],\n",
       "       [6.57721315e-02, 7.84816902e-01, 1.49410967e-01],\n",
       "       [2.74667709e-03, 5.14404157e-01, 4.82849165e-01],\n",
       "       [1.13420200e-02, 6.44947374e-01, 3.43710606e-01],\n",
       "       [4.34503569e-02, 7.99992812e-01, 1.56556831e-01],\n",
       "       [4.20574944e-02, 7.93126388e-01, 1.64816118e-01],\n",
       "       [1.04346674e-02, 7.37249890e-01, 2.52315442e-01],\n",
       "       [6.07703279e-03, 5.08900582e-01, 4.85022385e-01],\n",
       "       [1.64542530e-02, 5.34209529e-01, 4.49336218e-01],\n",
       "       [1.41521995e-01, 8.01506398e-01, 5.69716067e-02],\n",
       "       [4.29453405e-02, 7.59474738e-01, 1.97579922e-01],\n",
       "       [5.94859657e-02, 8.04129972e-01, 1.36384062e-01],\n",
       "       [6.54006837e-02, 7.70159247e-01, 1.64440070e-01],\n",
       "       [1.78691613e-03, 3.83284306e-01, 6.14928778e-01],\n",
       "       [1.30777754e-02, 3.44243543e-01, 6.42678681e-01],\n",
       "       [4.65688646e-02, 4.52118640e-01, 5.01312496e-01],\n",
       "       [2.28758804e-02, 7.06453415e-01, 2.70670704e-01],\n",
       "       [9.11027525e-03, 7.25240617e-01, 2.65649107e-01],\n",
       "       [6.30651963e-02, 6.15507722e-01, 3.21427082e-01],\n",
       "       [2.55433898e-02, 6.26496430e-01, 3.47960180e-01],\n",
       "       [1.15832724e-02, 5.49925981e-01, 4.38490746e-01],\n",
       "       [1.87004177e-02, 5.85067603e-01, 3.96231979e-01],\n",
       "       [4.12381582e-02, 7.55608996e-01, 2.03152846e-01],\n",
       "       [1.02767540e-01, 7.54916708e-01, 1.42315752e-01],\n",
       "       [2.41521565e-02, 5.96803255e-01, 3.79044589e-01],\n",
       "       [5.60060007e-02, 6.69273993e-01, 2.74720007e-01],\n",
       "       [4.03964108e-02, 6.26744582e-01, 3.32859007e-01],\n",
       "       [4.00406426e-02, 7.52171044e-01, 2.07788314e-01],\n",
       "       [2.58668724e-01, 6.72528299e-01, 6.88029769e-02],\n",
       "       [4.24654422e-02, 6.58448035e-01, 2.99086522e-01],\n",
       "       [2.96406732e-04, 1.59265353e-01, 8.40438240e-01],\n",
       "       [1.20138121e-03, 2.94151030e-01, 7.04647589e-01],\n",
       "       [4.34436527e-04, 3.32860007e-01, 6.66705556e-01],\n",
       "       [7.04865940e-04, 3.25645304e-01, 6.73649830e-01],\n",
       "       [3.95034670e-04, 2.60416192e-01, 7.39188773e-01],\n",
       "       [1.03082754e-04, 3.72241875e-01, 6.27655042e-01],\n",
       "       [2.90974410e-03, 2.77305000e-01, 7.19785256e-01],\n",
       "       [2.03710733e-04, 4.07285998e-01, 5.92510291e-01],\n",
       "       [2.59721554e-04, 4.11453966e-01, 5.88286313e-01],\n",
       "       [5.46391127e-04, 1.72205596e-01, 8.27248013e-01],\n",
       "       [4.08474108e-03, 2.95622083e-01, 7.00293176e-01],\n",
       "       [9.66760090e-04, 3.56009071e-01, 6.43024169e-01],\n",
       "       [1.01038762e-03, 3.11006936e-01, 6.87982677e-01],\n",
       "       [9.39596654e-04, 3.01136067e-01, 6.97924337e-01],\n",
       "       [9.02961081e-04, 1.96417572e-01, 8.02679467e-01],\n",
       "       [1.58778383e-03, 1.96768396e-01, 8.01643820e-01],\n",
       "       [1.18937466e-03, 3.39588939e-01, 6.59221686e-01],\n",
       "       [3.09860498e-04, 2.35167725e-01, 7.64522414e-01],\n",
       "       [2.40113323e-05, 4.10982945e-01, 5.88993044e-01],\n",
       "       [1.02257097e-03, 4.56927459e-01, 5.42049970e-01],\n",
       "       [7.58166692e-04, 2.43696368e-01, 7.55545465e-01],\n",
       "       [1.92648028e-03, 2.39830061e-01, 7.58243459e-01],\n",
       "       [6.68959675e-05, 4.15291105e-01, 5.84641999e-01],\n",
       "       [2.87017156e-03, 4.04593403e-01, 5.92536425e-01],\n",
       "       [1.01131634e-03, 2.44135272e-01, 7.54853411e-01],\n",
       "       [6.98640424e-04, 3.80125061e-01, 6.19176299e-01],\n",
       "       [4.34960569e-03, 3.90187560e-01, 6.05462835e-01],\n",
       "       [4.64876845e-03, 3.30888308e-01, 6.64462924e-01],\n",
       "       [4.68055789e-04, 2.99859666e-01, 6.99672278e-01],\n",
       "       [1.00849082e-03, 4.81742292e-01, 5.17249217e-01],\n",
       "       [2.61210223e-04, 4.19043434e-01, 5.80695356e-01],\n",
       "       [9.49550398e-04, 3.32417579e-01, 6.66632870e-01],\n",
       "       [4.28622930e-04, 2.84122157e-01, 7.15449220e-01],\n",
       "       [2.91207082e-03, 4.63021816e-01, 5.34066114e-01],\n",
       "       [5.59783574e-04, 4.14776297e-01, 5.84663919e-01],\n",
       "       [2.87622128e-04, 3.54683480e-01, 6.45028898e-01],\n",
       "       [9.41779697e-04, 1.45076247e-01, 8.53981974e-01],\n",
       "       [1.36255833e-03, 3.11057598e-01, 6.87579844e-01],\n",
       "       [5.74989002e-03, 3.24049458e-01, 6.70200652e-01],\n",
       "       [1.67629425e-03, 3.19191126e-01, 6.79132580e-01],\n",
       "       [6.72027434e-04, 2.24269526e-01, 7.75058447e-01],\n",
       "       [2.98564465e-03, 2.92295960e-01, 7.04718396e-01],\n",
       "       [1.20138121e-03, 2.94151030e-01, 7.04647589e-01],\n",
       "       [4.51901248e-04, 2.35304647e-01, 7.64243452e-01],\n",
       "       [6.79382773e-04, 1.76633770e-01, 8.22686847e-01],\n",
       "       [1.65944702e-03, 2.66125569e-01, 7.32214984e-01],\n",
       "       [1.34499341e-03, 3.86296123e-01, 6.12358884e-01],\n",
       "       [2.07787258e-03, 3.11410362e-01, 6.86511766e-01],\n",
       "       [1.59607122e-03, 1.49034951e-01, 8.49368977e-01],\n",
       "       [2.40574509e-03, 2.78210160e-01, 7.19384095e-01]])"
      ]
     },
     "execution_count": 32,
     "metadata": {},
     "output_type": "execute_result"
    }
   ],
   "source": [
    "#Probability of classes\n",
    "clf.predict_proba(iris.data)"
   ]
  },
  {
   "cell_type": "code",
   "execution_count": 35,
   "metadata": {},
   "outputs": [
    {
     "name": "stdout",
     "output_type": "stream",
     "text": [
      "[[36  0  0]\n",
      " [ 0 34  0]\n",
      " [ 0  4 38]]\n",
      "\n",
      "[[14  0  0]\n",
      " [ 0 11  0]\n",
      " [ 0  1 12]]\n"
     ]
    }
   ],
   "source": [
    "#Printing Confuion Matrix for Training data and Testing Data\n",
    "print(confusion_matrix(y_pred_train, y_train))\n",
    "print()\n",
    "print(confusion_matrix(y_pred_test, y_test))"
   ]
  },
  {
   "cell_type": "code",
   "execution_count": null,
   "metadata": {},
   "outputs": [],
   "source": []
  }
 ],
 "metadata": {
  "kernelspec": {
   "display_name": "Python 3",
   "language": "python",
   "name": "python3"
  },
  "language_info": {
   "codemirror_mode": {
    "name": "ipython",
    "version": 3
   },
   "file_extension": ".py",
   "mimetype": "text/x-python",
   "name": "python",
   "nbconvert_exporter": "python",
   "pygments_lexer": "ipython3",
   "version": "3.7.3"
  }
 },
 "nbformat": 4,
 "nbformat_minor": 2
}
